1000
5 36 8
66 17 16
91 9 77
67 89 59
100 39 9
99 62 71
100 87 47
56 57 34
59 82 94
16 39 79
23 76 96
10 37 85
15 12 1
52 22 97
56 43 8
48 77 79
60 5 38
14 59 83
32 10 75
97 61 94
53 46 81
13 28 46
20 18 1
85 67 94
85 73 70
0 27 62
99 92 60
22 88 73
38 3 52
35 81 8
47 88 38
26 92 27
17 42 4
22 95 30
25 93 2
47 53 21
16 12 2
56 6 32
6 56 93
19 8 1
34 66 96
32 38 20
16 66 92
94 53 82
35 43 32
49 60 88
90 22 23
93 21 57
12 3 26
30 17 52
23 60 91
41 35 64
16 43 68
6 97 77
73 67 79
74 86 67
8 20 80
34 99 40
91 63 31
40 5 31
100 6 31
10 22 75
23 8 13
23 65 87
45 83 96
3 40 45
42 13 34
88 56 9
65 69 32
53 22 1
13 9 61
68 47 78
28 2 36
25 47 39
6 74 32
29 81 85
35 73 75
33 84 61
33 6 28
14 58 26
83 15 78
16 53 10
37 33 18
28 13 37
34 72 48
38 31 43
8 44 91
3 38 18
86 54 55
68 85 59
53 3 4
73 91 41
83 56 97
98 39 27
35 22 38
78 12 41
4 38 5
0 42 24
74 24 4
73 7 6
53 66 72
55 4 97
83 12 56
59 30 95
59 19 85
10 67 92
25 12 74
28 95 98
62 59 95
93 8 68
89 37 94
39 39 55
60 83 20
15 48 19
51 16 84
16 79 40
56 80 4
98 31 67
84 26 67
0 2 42
75 36 52
72 83 63
2 77 57
79 100 64
82 47 46
46 71 15
34 78 66
42 33 100
69 91 72
34 92 69
61 56 2
24 66 29
1 97 39
52 72 19
44 52 32
83 45 78
57 75 37
28 44 77
0 39 48
100 54 94
64 20 30
30 61 23
86 23 47
75 46 17
62 17 79
42 33 8
67 7 97
78 28 15
91 2 12
15 40 98
90 67 82
2 47 93
11 99 92
91 86 25
18 95 60
58 91 89
97 69 86
10 55 27
83 53 23
76 41 73
15 73 20
89 80 24
8 59 6
79 48 79
64 25 83
8 61 41
87 81 48
58 18 38
89 41 20
23 36 86
74 3 72
11 69 57
54 83 44
54 6 54
49 34 10
57 76 73
55 71 46
75 18 61
38 42 11
98 28 93
45 24 72
12 85 59
99 92 73
43 58 83
13 55 55
67 5 11
61 85 22
84 58 8
79 6 30
72 73 82
38 73 58
6 54 76
35 71 80
4 1 83
15 14 85
59 89 41
84 53 47
55 82 21
11 83 30
4 84 60
98 13 29
83 62 4
19 78 93
86 22 44
16 86 46
29 72 80
1 12 64
63 38 11
20 73 91
9 76 39
55 77 36
17 36 76
51 16 83
11 32 65
82 89 7
57 85 91
48 59 23
9 77 77
13 66 1
79 37 2
12 25 45
47 2 34
63 53 74
76 10 62
92 33 47
81 38 43
53 6 61
83 41 63
20 2 14
91 2 11
94 20 21
67 54 42
90 16 86
59 60 85
16 86 48
34 27 91
76 45 72
85 70 9
93 6 84
40 87 59
75 97 59
51 26 61
6 33 77
77 97 48
84 48 1
36 32 85
34 64 3
7 38 80
48 69 67
57 76 70
80 15 95
36 42 44
25 40 82
79 74 13
58 86 97
57 92 78
29 2 60
17 2 33
97 37 34
78 28 94
49 22 17
23 5 33
84 69 3
25 63 58
48 55 54
98 83 39
9 100 8
90 69 64
1 55 20
44 26 6
7 52 70
41 20 71
28 53 36
51 66 33
7 52 33
5 66 37
99 99 99
58 12 24
1 81 66
76 47 70
17 89 70
31 80 31
97 48 53
20 11 46
52 27 3
100 37 76
13 94 70
76 82 99
60 98 27
92 4 28
88 64 68
11 45 47
92 40 17
80 33 25
50 42 68
25 60 20
31 46 91
84 70 75
25 18 17
81 64 70
99 58 92
98 55 70
72 15 93
87 15 84
70 59 36
57 10 21
76 87 22
99 3 95
23 7 57
78 100 69
49 37 81
98 41 60
57 28 81
55 12 25
20 60 75
32 96 39
14 89 2
54 12 86
99 91 5
47 66 68
74 35 91
36 93 63
17 17 24
93 5 46
1 45 6
76 27 10
41 32 82
19 90 69
21 1 14
30 64 33
61 55 7
20 62 88
88 58 41
20 71 63
21 89 97
59 30 79
64 70 73
25 69 7
90 78 19
34 74 94
64 88 26
91 54 60
85 2 99
45 70 62
63 18 95
50 96 59
69 44 38
54 86 32
25 17 18
77 41 62
11 45 87
44 65 58
61 89 91
65 77 89
77 76 20
45 39 5
87 37 94
32 74 85
47 85 3
94 30 5
41 97 37
67 48 15
56 82 23
22 45 39
90 47 68
19 59 93
26 57 61
5 47 66
69 82 83
40 32 40
4 47 5
40 31 94
0 10 42
13 63 44
56 56 52
37 29 63
13 42 34
11 60 98
61 53 3
36 17 39
47 52 75
15 19 12
96 67 6
71 76 48
56 61 7
4 42 74
45 58 33
23 100 5
79 69 11
17 55 29
91 2 82
24 57 9
16 88 96
83 88 33
86 98 75
44 19 7
95 62 96
79 48 76
40 29 19
21 61 42
79 12 10
37 87 8
45 94 28
100 27 67
73 5 80
41 12 92
84 79 48
1 23 28
98 87 25
33 56 65
55 94 47
15 28 37
97 96 54
54 8 62
60 81 24
36 4 21
23 3 100
18 61 15
56 1 93
55 68 37
33 55 85
52 79 8
49 97 30
6 74 68
75 40 70
19 80 12
18 18 95
63 39 40
45 12 15
47 32 85
95 82 27
0 34 29
60 52 78
100 84 31
52 69 42
28 1 34
57 38 52
7 21 17
7 95 21
25 74 22
33 20 79
88 76 98
13 69 20
52 79 95
91 5 25
22 2 57
53 86 23
31 30 58
76 7 28
4 64 60
34 29 29
94 29 22
71 87 7
72 21 28
91 35 47
5 85 97
2 64 93
62 46 8
25 54 15
13 82 4
23 89 93
22 97 31
16 35 59
34 10 100
23 58 58
15 74 4
34 15 71
2 98 62
96 55 72
46 83 61
19 23 85
100 89 96
37 13 100
39 5 87
74 9 58
87 37 36
62 46 1
67 68 52
67 77 35
1 13 64
19 77 96
92 10 71
55 71 19
67 88 33
87 57 12
17 24 45
19 32 19
22 89 58
94 13 95
25 55 35
42 58 87
6 27 73
87 70 20
48 16 37
61 11 61
13 62 69
54 7 5
7 29 86
52 33 14
59 22 76
66 30 100
100 91 95
80 25 64
31 15 100
80 94 17
34 72 75
35 55 45
30 29 57
95 88 7
55 93 15
35 87 31
90 58 66
8 34 45
32 47 87
70 42 40
86 15 32
71 28 11
22 4 96
38 6 39
34 44 71
28 14 70
5 42 25
67 12 75
37 3 58
81 69 83
37 92 57
28 89 30
4 64 27
48 19 14
11 10 80
82 98 10
99 26 64
33 44 96
3 83 27
69 25 52
37 62 67
98 85 64
30 5 55
72 45 65
96 95 29
24 57 38
12 24 3
36 12 28
7 79 5
21 28 21
35 68 35
84 5 4
66 43 12
49 48 55
38 13 28
16 97 9
82 47 30
30 41 28
4 8 40
3 22 39
86 89 75
23 74 80
80 60 28
19 61 77
62 18 5
82 70 56
100 45 18
67 83 21
0 89 69
100 28 10
41 5 75
55 3 20
21 81 30
60 100 78
53 89 74
35 29 87
32 81 7
65 81 74
32 60 75
33 58 9
12 72 15
13 68 39
37 77 96
23 17 75
8 78 93
5 34 58
79 94 60
84 71 12
56 30 6
97 40 88
50 95 41
82 2 69
85 84 21
33 36 11
34 78 21
5 98 52
79 67 41
48 46 58
34 92 25
20 56 69
82 45 77
75 68 11
27 81 7
39 81 80
14 30 25
43 47 33
29 71 99
68 82 88
100 35 40
65 83 43
42 73 40
89 99 82
41 54 55
53 97 9
67 10 77
17 8 18
12 100 82
34 68 35
72 98 89
41 88 72
46 60 87
50 22 39
2 32 95
16 54 82
46 13 67
8 61 3
97 87 65
19 54 59
2 59 23
54 31 99
78 53 78
59 98 12
20 46 63
89 86 90
74 35 78
42 25 39
8 58 1
82 35 76
76 21 60
51 82 15
59 8 29
61 58 61
75 79 54
65 18 82
98 22 42
0 55 55
24 1 68
14 81 78
51 7 31
36 87 6
73 43 35
39 68 89
9 10 84
38 20 36
33 60 68
14 72 37
71 75 25
2 20 12
54 36 40
47 1 94
30 5 25
78 31 43
37 43 86
100 91 42
65 46 89
11 73 54
39 5 38
80 78 67
96 2 72
50 22 86
15 70 53
80 46 30
75 23 60
70 91 100
52 44 12
74 83 52
73 9 85
99 61 22
65 19 26
14 33 90
78 12 26
58 16 65
67 43 20
15 72 4
53 28 74
37 65 24
10 36 76
100 6 94
38 100 15
38 27 52
62 17 11
96 23 79
32 15 55
55 82 52
65 77 76
100 91 18
99 60 89
80 65 25
62 86 17
77 31 9
73 94 45
53 100 79
16 58 42
55 48 15
2 35 88
95 59 36
22 61 99
97 82 93
15 29 66
66 92 12
26 91 40
45 62 57
52 56 84
77 89 75
43 9 84
75 71 84
34 54 33
31 3 8
92 7 98
17 32 44
43 44 59
60 57 42
2 48 25
16 48 34
31 32 20
82 86 16
21 99 3
85 74 65
30 9 85
97 7 12
66 15 25
46 60 37
20 94 40
29 21 13
7 72 10
98 38 32
70 72 24
9 72 95
14 36 81
37 26 33
13 15 75
66 75 25
17 53 33
3 66 73
24 24 77
41 97 68
93 62 88
44 52 32
12 7 78
96 10 58
4 99 54
30 15 68
93 26 48
83 25 47
87 21 91
12 55 55
16 96 54
17 73 94
38 91 22
15 100 82
72 9 77
72 69 8
37 87 64
1 95 53
84 24 17
37 24 17
61 88 67
85 71 33
91 25 16
37 17 62
18 22 25
53 48 15
23 68 11
67 53 15
2 9 3
63 93 100
18 89 10
99 95 91
95 23 15
45 39 23
44 68 69
45 19 56
88 7 40
10 5 43
25 68 86
24 81 77
65 77 35
91 77 63
99 70 27
40 47 81
87 20 40
70 25 2
75 33 74
1 94 5
17 26 74
17 6 40
97 70 4
17 69 21
15 87 67
94 11 37
12 9 17
52 91 16
84 90 1
50 45 96
0 68 90
7 78 53
53 70 66
63 97 5
17 75 28
39 12 84
2 1 3
59 78 24
39 43 22
0 71 40
95 85 18
73 29 39
94 75 65
13 46 10
70 35 40
96 46 9
29 37 5
13 98 74
34 16 89
36 86 34
14 46 40
85 85 34
30 64 56
43 19 26
13 35 36
59 72 79
72 68 30
82 28 71
84 63 8
88 45 37
77 46 25
24 29 11
38 10 22
26 63 84
77 61 9
93 40 71
59 43 87
23 35 44
100 61 33
79 20 6
44 60 67
45 58 69
45 38 11
48 86 21
77 88 1
34 85 73
84 74 99
76 86 17
55 80 45
93 79 38
53 90 67
84 90 42
3 31 48
82 97 70
8 67 44
13 78 5
20 98 70
81 40 43
73 81 87
23 79 47
81 38 96
61 11 97
34 9 32
54 47 14
96 44 13
17 31 57
1 52 5
58 63 62
57 98 14
48 62 3
53 52 65
42 12 84
65 70 12
83 98 82
54 70 59
47 71 80
100 31 11
25 76 48
58 36 22
33 39 73
4 80 61
95 33 26
67 23 25
83 27 46
30 74 67
47 39 84
61 65 100
92 3 36
72 40 83
82 24 95
85 73 67
51 57 31
42 93 80
24 100 35
84 18 41
54 69 77
37 56 98
97 16 13
98 42 24
28 9 52
73 79 96
23 70 19
81 64 71
22 41 17
100 66 13
20 56 46
38 96 19
77 91 2
75 31 59
34 29 37
89 84 47
47 25 9
69 77 100
65 34 26
4 25 17
94 30 67
62 87 92
17 46 54
50 82 26
12 39 71
46 25 23
6 45 79
23 7 39
33 18 17
22 75 38
81 88 84
49 18 95
66 19 66
55 2 71
39 94 64
87 12 14
22 54 16
42 4 54
100 1 1
36 22 35
29 36 86
33 35 34
77 83 32
24 8 15
27 61 19
13 64 42
88 5 55
93 68 55
20 46 23
6 36 66
36 65 62
54 28 35
60 29 94
99 10 38
55 32 37
59 75 48
8 92 17
46 4 73
80 70 89
91 59 33
91 22 82
75 2 67
82 19 81
13 64 55
27 56 28
78 13 34
0 20 25
30 94 18
74 86 76
61 71 58
3 98 22
20 24 95
73 6 68
91 96 80
4 86 31
75 83 75
76 77 73
76 9 32
87 63 16
38 2 57
8 31 78
31 9 97
56 83 72
62 57 13
24 64 84
19 25 7
4 62 87
6 37 12
4 87 25
27 86 68
77 28 9
6 26 84
10 87 38
31 20 6
49 2 81
80 66 44
31 86 25
88 40 84
53 80 34
73 41 26
67 67 62
36 98 30
22 15 99
93 85 66
98 80 87
49 11 58
